1 10
100 200
201 210
900 1000
1 100000
100000 200000
200000 300000
300000 400000
400000 500000
500000 600000
600000 700000
700000 800000
800000 900000
900000 1000000
4420136 9487341
4629116 5366813
2517913 3554058
5890128 7328720
5463889 3206856
6174552 102047
2924724 1006838
6576304 401138
5383281 8637310
7974992 3838848
50422 2056871
7471854 931525
6219322 755012
1669801 4043365
5584804 8633161
7958573 3455305
5856637 8857233
6914983 6135827
9602758 789648
9521359 2446293
9692645 2440702
3468471 3552513
1535638 1170849
3614375 8137638
6635687 1636794
781233 6566676
1989032 2387019
2867984 3740156
5583182 5078517
2931305 9064573
4451201 4261331
4676155 7281140
7715477 6211324
4628683 6209966
2216661 6703106
6561550 203704
2025940 4533938
3888086 5622829
1004223 840918
682697 1725274
1092609 8734486
8891819 5016420
8547635 4089575
1149801 5260485
8961494 212255
9470298 979544
8643586 5484721
7373872 4158423
6999994 774254
5085027 1846750
1019917 7279414
4543418 1074891
109793 1892475
6707893 8711904
7661737 5571121
2600181 7176652
3847507 2007333
463990 8189544
4572349 1113647
1768202 4184036
5002822 3771584
8229385 991060
4328420 2135306
269170 2725971
1843911 5601279
4462887 6031962
5253965 2906863
7585949 6582526
4140081 1364237
5523758 6547411
3615644 4840028
9196699 2413725
8192435 8545553
4796281 1887580
1651887 2281194
1807685 3927079
4903910 1225134
1903344 5346252
4151502 3030155
2857259 1995646
1023806 2315545
5946095 6547674
8796116 1153601
4582428 4665901
9722486 9505117
1443726 9823542
3025578 9892609
9364610 6236641
3198920 8598311
7201015 6426640
4426594 220748
8519713 6909067
6755676 3142750
5373007 9069407
9119769 4413816
3202914 9663895
9132648 8941464
3944291 6993162
4842775 4818217
6442666 6790669
662260 8381735
1973634 1783757
7620463 5015619
2148751 8606296
4177211 3713335
8713192 4502814
2584332 7804237
2270541 7827497
8126728 3924004
3121301 1814476
556509 9524281
257951 4481400
1208192 3151750
6662083 5851193
1370652 4641140
7678015 3674643
2843364 1772678
3098587 4852985
5521458 9646582
1110379 6421087
9539072 474634
7243184 2397543
4595553 8771868
9199238 5766487
3420140 2004850
9664636 173932
9423090 5254871
9954313 439739
3507671 1041416
9345799 3566309
5848846 1057756
5712128 9346724
3844212 355299
1435855 1741916
7053201 8416152
778810 2148789
9388997 54331
3849970 3511004
6357786 6723155
3265461 1090340
4994986 3637026
6827603 9878828
6182776 489489
9010861 1210883
2911307 5027573
7960085 7672432
4625079 4275176
364608 3648878
2786071 6490275
7590323 5413571
8007849 2844725
3988536 6944562
9886147 2300987
6238976 8729009
938912 4365792
1453368 7391957
9861839 8704388
3809121 9414956
7060133 5672928
4634405 9123307
4509692 3768094
710324 7704372
8351701 857105
3929532 6786642
6924647 9219368
4961869 6966384
369586 7251582
8048999 4009412
9404515 605469
2219637 2471539
4884200 4501511
4819979 8357132
4670951 2838610
4365831 3604484
7297265 9026909
5764445 5300233
363145 4978891
9018456 977154
2517288 5205953
673767 9673424
1530710 4657840
5838972 4727430
7999105 2538108
6176729 3453984
8648160 8022166
8375050 2174591
